42 73 36
1 31 6
19 35 4
40 54 16
42 69 17
21 88 12
3 68 32
42 56 14
15 20 34
81 97 39
32 70 22
88 90 19
17 88 4
10 43 12
69 84 38
2 76 11
29 79 27
11 45 21
2 68 4
22 27 38
59 70 3
11 42 29
5 54 41
14 81 30
27 90 14
43 97 4
12 95 25
45 58 31
1 62 16
33 53 28
2 93 24
70 100 2
7 76 39
76 93 16
2 3 16
3 25 36
56 85 21
13 28 19
59 97 27
6 13 9
5 11 23
23 72 29
8 97 23
26 75 30
20 59 26
24 50 36
62 83 37
8 49 5
32 99 11
56 75 3
7 38 10
27 81 31
20 64 4
53 93 7
74 78 33
91 94 19
2 24 13
62 95 28
40 49 38
40 97 2
14 51 30
3 95 29
18 34 37
14 81 9
35 95 30
59 88 5
85 91 3
46 55 29
50 60 1
2 60 2
44 81 2
32 90 20
6 43 32
68 92 42
1 98 10
38 98 34
61 83 34
58 63 37
29 59 14
76 86 6
39 42 34
20 43 24
35 80 18
88 91 3
26 86 1
53 81 14
58 74 12
52 78 20
82 88 39
17 47 18
20 50 13
25 86 36
42 62 13
16 63 39
55 66 37
15 76 27
23 52 32
33 88 7
87 95 26
83 86 14
10 66 21
79 100 10
17 75 38
4 37 18
45 59 21
25 27 31
6 51 6
22 80 22
60 85 35
39 75 29
52 55 14
4 71 30
47 95 40
23 27 38
9 43 32
11 64 12
2 7 16
3 76 24
40 75 17
80 92 20
15 16 34
19 63 5
91 99 41
72 74 30
12 82 37
15 27 33
44 52 19
72 90 40
3 53 11
33 86 2
56 70 5
46 63 9
52 92 23
38 94 10
9 23 36
6 23 1
58 100 32
2 36 41
50 74 12
34 53 27
13 32 31
51 68 14
3 52 19
68 69 31
45 92 6
49 86 7
28 57 16
22 77 10
31 74 13
15 38 7
3 12 5
68 80 39
9 24 15
21 92 24
31 84 23
44 93 19
13 98 32
16 21 14
15 73 38
19 65 3
61 75 25
30 74 15
9 91 16
38 54 13
53 75 26
15 56 10
22 76 13
41 76 12
72 99 1
71 79 16
38 78 3
41 70 37
1 78 31
13 23 26
31 89 32
14 30 38
35 68 30
23 47 25
32 63 6
44 91 17
61 77 25
58 95 26
33 95 41
1 83 9
26 81 28
50 86 11
42 69 18
40 51 41
19 97 14
41 98 16
33 99 19
26 80 2
34 70 17
27 81 26
30 55 25
49 86 37
59 90 27
45 93 24
28 61 27
2 42 2
64 71 42
62 65 7
52 88 18
19 47 13
43 50 25
17 35 24
27 85 15
48 99 41
16 64 32
43 60 38
58 93 20
7 100 26
6 20 18
23 44 13
39 47 23
25 92 9
5 96 9
64 99 22
71 78 1
50 53 19
16 37 42
15 73 35
8 42 4
3 30 28
51 97 10
11 68 5
50 78 15
40 80 29
20 77 24
2 40 2
39 66 36
8 16 21
2 12 36
33 56 8
70 92 4
4 8 22
54 90 20
45 88 1
26 28 2
33 55 4
23 68 2
39 58 8
88 96 25
56 98 21
32 67 42
33 78 3
33 89 37
76 77 25
5 33 37
4 70 3
4 14 5
20 34 37
6 61 24
52 62 24
44 85 1
83 96 27
6 24 36
7 43 42
78 85 19
5 49 14
24 96 18
24 95 10
61 74 10
26 61 19
14 85 29
25 30 28
7 90 33
21 83 10
63 86 31
29 89 34
23 60 24
17 85 20
61 97 7
35 60 2
60 62 20
6 76 28
20 76 9
1 33 17
83 88 21
13 59 41
4 21 37
30 93 37
31 38 42
25 59 33
9 49 9
45 68 36
45 71 7
69 70 38
77 79 15
18 40 13
33 82 26
62 77 3
12 38 39
20 83 17
60 69 34
24 47 30
34 85 30
43 87 23
21 53 20
88 91 28
33 69 30
64 85 10
20 43 32
34 100 40
39 100 35
8 38 31
13 64 35
42 100 1
40 47 8
57 79 15
27 92 31
3 83 42
19 69 31
36 98 21
13 19 39
21 90 16
48 83 27
28 93 1
39 50 8
26 89 13
12 84 17
25 63 20
7 89 34
46 77 12
26 60 4
13 25 22
8 31 42
19 85 17
35 79 11
55 82 33
49 59 26
61 96 1
40 69 42
22 93 21
71 94 13
22 51 28
11 39 12
40 70 20
68 69 28
62 94 6
60 98 20
45 74 31
4 77 41
28 54 1
55 81 35
65 94 40
8 28 42
60 84 40
90 98 6
2 98 38
10 85 7
35 36 16
26 92 16
3 89 12
31 93 15
61 100 23
9 19 4
81 94 16
18 87 25
4 6 6
1 32 11
6 30 14
36 96 4
51 65 34
12 76 12
23 98 18
29 91 18
90 93 13
16 88 6
17 20 38
52 87 29
28 64 12
49 97 4
15 64 6
6 50 12
47 81 3
26 40 7
25 69 20
6 14 40
29 95 19
47 63 30
33 79 24
15 25 42
9 87 8
9 69 32
56 91 15
3 81 42
81 87 15
67 81 42
53 83 37
51 83 26
26 59 2
9 62 8
23 77 3
57 67 34
9 38 4
90 95 34
41 75 2
29 32 11
77 95 13
1 48 24
66 85 24
19 86 38
37 90 27
3 9 7
32 33 2
61 66 33
85 93 23
40 97 25
16 90 18
32 55 25
17 51 18
12 91 19
48 95 25
21 86 21
71 90 3
33 53 42
24 43 36
25 85 16
30 92 23
22 94 40
22 84 17
25 64 40
72 75 2
40 76 32
10 13 34
11 18 9
13 78 7
4 25 25
88 98 21
61 98 25
5 95 6
32 80 12
82 86 3
46 94 5
26 94 31
62 99 2
4 73 23
26 33 13
9 78 37
54 74 23
30 92 42
56 97 24
29 61 24
40 63 15
31 82 11
5 16 18
40 96 10
12 65 3
20 23 18
5 72 5
42 49 31
48 56 13
88 95 21
64 75 9
36 92 29
54 91 35
34 96 10
81 91 1
2 38 11
24 30 27
56 62 14
40 78 36
26 66 36
55 63 16
25 92 16
65 72 1
53 66 24
41 88 7
57 91 5
16 85 3
4 15 8
38 62 7
20 99 2
16 54 42
47 50 28
47 67 17
46 53 3
47 90 2
61 73 34
42 69 18
81 97 5
2 22 8
12 77 29
9 100 18
39 91 5
19 45 17
47 52 2
56 85 12
43 61 22
43 82 20
22 43 33
62 99 7
13 67 22
69 87 6
14 80 8
21 27 18
42 55 7
84 88 24
82 88 20
58 97 40
32 69 29
6 14 5
14 66 26
18 35 18
5 24 22
16 53 28
57 74 8
19 83 16
4 95 21
58 88 26
30 54 12
77 81 22
7 20 12
28 60 25
75 99 15
42 54 36
29 77 29
65 81 35
3 91 7
75 95 8
8 18 23
50 83 3
54 75 23
4 15 15
38 43 14
11 78 10
14 43 1
28 31 29
20 47 32
34 71 15
23 85 20
48 99 34
14 29 28
28 32 1
42 61 12
72 86 41
49 81 38
65 76 14
29 46 39
82 91 21
1 40 9
57 74 12
9 40 11
28 43 3
50 67 19
50 63 38
1 20 23
60 62 23
1 74 10
45 70 2
38 70 6
11 20 10
46 63 37
2 49 42
19 64 1
54 78 19
40 99 16
37 49 23
19 40 26
3 47 17
28 53 8
3 56 25
30 58 2
50 83 38
45 76 28
40 47 4
15 29 24
1 67 6
55 62 5
31 37 12
58 81 33
21 33 30
5 16 24
20 50 11
64 89 22
46 76 40
53 72 8
27 80 31
14 76 37
53 76 29
86 95 9
66 86 6
86 93 22
9 83 6
54 55 35
28 51 22
36 66 13
55 89 24
20 39 11
70 91 25
32 77 10
29 96 10
15 62 22
28 92 36
20 29 28
5 45 4
56 58 6
45 86 17
58 66 14
28 49 38
4 12 38
26 43 2
12 28 9
3 99 17
3 39 8
46 94 39
28 62 8
51 79 31
10 61 41
6 49 21
8 87 35
59 85 18
34 59 35
17 20 32
27 69 41
2 4 15
29 34 33
37 81 39
4 36 35
12 21 35
49 89 40
14 97 13
5 10 19
23 81 5
46 66 37
53 75 15
47 87 39
24 38 9
76 94 15
42 62 30
11 72 39
9 87 29
49 70 15
40 80 2
32 35 14
37 57 20
5 66 31
21 42 38
7 56 1
24 29 4
56 57 12
35 36 23
15 34 23
23 41 18
19 70 38
71 92 31
16 25 6
17 72 10
55 89 22
54 79 16
19 87 34
43 56 18
11 38 40
10 12 8
32 96 21
21 75 38
2 16 3
47 76 12
48 82 9
1 5 42
28 35 20
53 79 38
18 42 36
62 71 5
66 93 15
33 62 21
17 49 37
19 47 42
27 100 15
12 50 33
20 88 37
19 64 12
31 59 9
40 67 28
13 39 24
19 71 7
3 97 32
48 60 16
38 88 26
73 96 1
36 94 25
48 65 31
74 81 15
40 45 32
95 98 18
18 23 18
72 75 13
61 88 32
26 34 39
55 69 19
23 49 42
4 82 34
8 25 14
36 76 10
19 44 16
71 98 17
68 80 21
5 27 30
70 87 36
9 20 3
28 74 20
20 42 18
14 92 18
27 31 24
33 75 40
20 89 14
24 76 40
9 33 11
9 60 24
52 69 30
26 66 37
16 98 33
17 73 41
19 24 24
2 94 39
11 18 28
19 47 8
51 52 2
76 80 32
6 97 29
1 58 13
58 84 5
37 99 29
80 82 32
50 83 24
3 74 28
33 38 17
62 66 37
21 83 23
39 64 38
36 62 32
74 93 22
4 79 31
28 78 38
54 83 9
9 11 19
53 67 37
4 42 2
69 96 6
56 86 18
44 70 5
22 29 31
78 93 41
20 30 21
1 44 41
22 65 6
9 91 30
39 54 25
3 78 34
39 58 23
76 95 42
32 67 19
9 31 40
55 76 39
66 85 18
31 88 18
32 37 1
30 45 19
31 50 9
49 100 15
22 44 12
17 53 29
20 98 19
69 75 26
16 72 36
10 71 35
1 78 25
94 98 19
31 87 17
16 58 3
1 33 20
11 71 17
38 61 9
51 73 34
26 93 30
28 70 41
26 82 17
2 17 18
56 72 22
50 88 15
11 98 23
18 42 38
39 93 31
22 25 9
11 19 34
44 80 34
12 89 34
28 62 14
13 78 26
3 81 28
1 7 6
12 87 39
31 42 16
13 54 29
24 76 39
55 66 29
57 60 40
20 23 30
16 38 8
12 52 31
53 66 18
62 82 14
24 62 33
11 79 34
36 92 40
50 88 9
23 37 23
34 66 33
47 88 22
27 36 10
33 56 42
28 89 38
64 97 25
32 49 23
16 76 36
33 65 39
57 90 35
21 64 19
64 70 36
22 66 10
82 93 23
26 34 14
3 82 6
47 97 7
59 73 40
30 69 9
77 98 28
2 25 11
25 56 23
59 73 6
10 65 13
67 69 17
1 44 30
13 53 38
38 82 19
81 100 30
12 54 6
45 76 5
10 37 19
11 94 32
84 89 10
62 85 34
24 68 11
10 14 4
16 45 22
5 9 1
25 99 30
5 37 32
89 94 41
57 71 28
60 72 21
42 88 4
74 93 23
18 30 6
10 32 34
39 64 25
48 72 9
38 44 30
43 92 14
27 36 29
22 38 33
39 58 4
72 92 22
13 19 5
14 69 28
22 61 14
21 82 28
32 67 3
15 31 37
30 64 21
69 85 34
19 77 10
15 42 15
39 50 33
83 99 36
27 90 19
30 80 40
46 60 25
24 69 3
15 56 20
50 84 7
49 79 31
50 58 15
71 89 9
11 47 36
54 66 35
15 96 15
20 68 17
27 34 3
73 81 8
11 40 31
9 66 24
34 100 35
32 74 22
24 31 33
4 88 22
29 60 24
51 99 8
2 45 23
1 62 9
19 72 24
16 83 6
21 36 8
24 81 33
50 88 3
14 50 16
78 99 37
77 83 5
1 26 16
51 55 5
21 81 37
32 50 6
40 49 11
17 23 18
11 86 28
11 73 15
23 100 9
38 82 16
1 24 24
23 69 42
8 25 14
17 30 16
57 83 30
39 92 13
6 36 15
4 59 42
15 44 26
17 75 35
8 85 2
7 44 7
13 77 31
6 46 23
21 52 42
62 86 21
64 99 17
4 32 9
24 93 25
67 96 33
57 67 39
37 97 6
8 53 1
29 49 21
39 99 8
12 20 26
24 70 27
72 79 18
39 86 29
70 72 9
30 89 34
33 91 3
87 89 8
25 87 42
22 75 38
45 78 40
36 86 39
97 98 19
28 42 40
73 90 10
72 76 3
65 90 24
61 97 14
59 93 23
62 71 20
21 41 21
16 83 24
18 88 39
64 100 10
11 25 37
9 75 31
16 89 4
50 53 36
5 62 17
1 84 15
66 77 1
76 82 11
80 81 29
62 76 36
77 96 11
47 84 16
22 77 7
20 60 34
7 37 31
10 57 30
65 77 29
30 70 38
94 97 38
76 87 27
45 84 13
5 99 17
57 59 2
79 91 39
7 35 29
21 47 39
31 91 13
1 74 40
3 17 37
2 15 38
69 71 1
38 74 16
